232	234	7	16	19	42	60	73	89	103	121	131	160	169	192	230	231	235	236	237	416	465	492	493	629	6	20	78	115	128	154	233	364	396	453	485	491	621	622	623	5	12	18	135	238	240	329	368	369	370	372	375	380	381	383	404	406	408	410	412	415	419	420	462	480	481	495	496	503	505	506	511	43	46	308	309	345	371	374	377	387	394	405	436	452	455	463	474	475	479	488	494	497	500	502	510	620	628	630	37	38	39	41	44	50	63	65	66	68	76	79	87	95	98	100	104	116	124	125	126	184	296	328	331	332	333	334	344	346	348	350	353	357	358	397	398	399	400	401	403	407	418	421	434	447	482	509	624	631	133	219	293	432	277	430	433	93	507	80	118	120	129	130	186	330	347	356	365	385	360	45	62	69	94	97	167	298	450	489	354	411	286	291	303	351	362	352	193	40	327	483	64	67	70	71	75	143	152	513	521	349	359	361	74	140	423
202	248	290	442	29	31	36	194	203	275	27	243	258	267	268	272	284	292	300	301	302	305	340	341	580	35	288	274	336	263	280	281	283	261	457	208	211	245	252	253	259	260	262	266	269	270	271	273	279	285	304	532	197	264	212	282	536	576	551	278	254	195	204	206	265
0	1	4	9	23	24	81	84	86	153	158	159	162	297	299	306	307	632	636	637	14	150	165	428	164	11	431	443	470	545	8	83	134	222	223	276	438	22	142	144	220	221	287	295	427	446	560	569	82	155	156	466	151	157	294	467	149	161	166	471	175	469	163	85
564	393	472	473	476	477	606	612	228	241	478	598	373	414	501	590	615	619	543	213	239	563	596	618	229	367	591	544	548	214	552	379	549	553	597	602	604	607	610	611	600	599	605	613	555	568	603	571	376	392	384	601	608	616	617
451	459	32	247	251	256	456	25	339	34	338	246	244	26	28	30	249	257	289	342	33	343	461	250	335	337	458	242	460	255
227	225	226	216	196	215	313	54	217	224	318	311	314	201	592	310	148	218	315	317	209	207	199	312
59	137	173	107	114	177	113	122	109	111	61	108	106	112	181	176	170	172	174	110	178
355	378	389	435	391	425	363	439	366	437	426	444	390	429	326	382	441	440	388
508	499	504	614	556	566	448	445	557	570	562	572	554	575	609	567
17	498	10	324	402	409	487	319	323	15	320	321	490	322	486	139
588	561	546	587	565	581	584	589	593	594	595	585	583	582
210	518	517	316	205	516	586	533	198	200	542	535
540	579	559	531	574	578	529	534	524	530
454	526	627	625	464	527	528	626	525
57	53	56	58	48	47	49	51	55
99	105	90	145	92	96	484	141
183	123	188	189	187	191	190	132
386	185	395	417	424	325	413	422
138	136	91	101	88	102
550	515	514	523	558	520
577	539	538	573	537	541
2	633	634	3	635
182	180	117	168
519	547	512	522
171	468	52
13	21	449
146	179	147
77	72
119	127
